"customer_id","ship_mode","purchase","sum_of_sales"
"AA-10315","First Class","1","1"
"AA-10375","First Class","4","5"
"AA-10645","First Class","7","12"
"AB-10015","First Class","5","17"
"AB-10060","First Class","8","25"
"AB-10105","First Class","4","29"
"AB-10165","First Class","3","32"
"AB-10255","First Class","1","33"
"AB-10600","First Class","6","39"
"AC-10450","First Class","4","43"
"AC-10660","First Class","2","45"
"AG-10270","First Class","2","47"
"AG-10300","First Class","1","48"
"AG-10330","First Class","1","49"
"AG-10390","First Class","3","52"
"AG-10495","First Class","1","53"
"AG-10675","First Class","2","55"
"AG-10900","First Class","6","61"
"AH-10030","First Class","3","64"
"AH-10075","First Class","9","73"
"AH-10120","First Class","9","82"
"AH-10195","First Class","1","83"
"AH-10210","First Class","4","87"
"AH-10690","First Class","1","88"
"AI-10855","First Class","1","89"
"AJ-10780","First Class","6","95"
"AJ-10945","First Class","1","96"
"AM-10360","First Class","2","98"
"AO-10810","First Class","1","99"
"AP-10720","First Class","1","100"
"AP-10915","First Class","3","103"
"AR-10345","First Class","1","104"
"AS-10045","First Class","6","110"
"AS-10090","First Class","7","117"
"AS-10135","First Class","2","119"
"AS-10285","First Class","3","122"
"AT-10435","First Class","1","123"
"AT-10735","First Class","1","124"
"AW-10840","First Class","4","128"
"AW-10930","First Class","2","130"
"AY-10555","First Class","1","131"
"BB-10990","First Class","2","133"
"BC-11125","First Class","5","138"
"BD-11500","First Class","2","140"
"BD-11605","First Class","1","141"
"BD-11620","First Class","1","142"
"BD-11635","First Class","1","143"
"BD-11725","First Class","3","146"
"BD-11770","First Class","1","147"
"BE-11335","First Class","2","149"
"BE-11410","First Class","2","151"
"BE-11455","First Class","3","154"
"BF-10975","First Class","1","155"
"BF-11020","First Class","6","161"
"BF-11080","First Class","3","164"
"BG-11035","First Class","2","166"
"BG-11695","First Class","1","167"
"BG-11740","First Class","3","170"
"BH-11710","First Class","4","174"
"BM-11140","First Class","6","180"
"BM-11575","First Class","1","181"
"BM-11650","First Class","5","186"
"BM-11785","First Class","1","187"
"BP-11050","First Class","1","188"
"BP-11095","First Class","7","195"
"BP-11185","First Class","1","196"
"BS-11365","First Class","2","198"
"BS-11590","First Class","1","199"
"BS-11755","First Class","2","201"
"BS-11800","First Class","6","207"
"BT-11395","First Class","2","209"
"BT-11440","First Class","1","210"
"BT-11680","First Class","1","211"
"BV-11245","First Class","4","215"
"BW-11110","First Class","2","217"
"BW-11200","First Class","1","218"
"CA-11965","First Class","2","220"
"CA-12055","First Class","2","222"
"CA-12265","First Class","2","224"
"CA-12775","First Class","4","228"
"CB-12025","First Class","4","232"
"CB-12415","First Class","3","235"
"CC-12100","First Class","6","241"
"CC-12145","First Class","4","245"
"CC-12220","First Class","7","252"
"CC-12430","First Class","2","254"
"CC-12475","First Class","3","257"
"CC-12550","First Class","1","258"
"CC-12610","First Class","6","264"
"CD-11920","First Class","4","268"
"CD-12280","First Class","5","273"
"CD-12790","First Class","4","277"
"CG-12520","First Class","1","278"
"CJ-11875","First Class","1","279"
"CK-12205","First Class","6","285"
"CK-12325","First Class","5","290"
"CK-12595","First Class","14","304"
"CK-12760","First Class","1","305"
"CL-12565","First Class","1","306"
"CL-12700","First Class","1","307"
"CM-11815","First Class","1","308"
"CM-12115","First Class","1","309"
"CM-12160","First Class","1","310"
"CM-12190","First Class","2","312"
"CM-12655","First Class","3","315"
"CM-12715","First Class","2","317"
"CP-12085","First Class","5","322"
"CP-12340","First Class","1","323"
"CR-12580","First Class","2","325"
"CR-12625","First Class","1","326"
"CR-12730","First Class","1","327"
"CR-12820","First Class","3","330"
"CS-11845","First Class","5","335"
"CS-11950","First Class","2","337"
"CS-12250","First Class","3","340"
"CS-12355","First Class","3","343"
"CS-12400","First Class","2","345"
"CS-12490","First Class","1","346"
"CT-11995","First Class","5","351"
"CV-12295","First Class","5","356"
"CV-12805","First Class","5","361"
"CY-12745","First Class","1","362"
"DB-13060","First Class","2","364"
"DB-13120","First Class","3","367"
"DB-13210","First Class","2","369"
"DB-13270","First Class","1","370"
"DB-13555","First Class","2","372"
"DB-13660","First Class","1","373"
"DC-12850","First Class","4","377"
"DD-13570","First Class","1","378"
"DG-13300","First Class","3","381"
"DH-13075","First Class","12","393"
"DJ-13420","First Class","1","394"
"DJ-13510","First Class","3","397"
"DK-12835","First Class","7","404"
"DK-13090","First Class","4","408"
"DK-13375","First Class","3","411"
"DL-12865","First Class","1","412"
"DL-13315","First Class","2","414"
"DL-13330","First Class","2","416"
"DL-13495","First Class","1","417"
"DM-13015","First Class","2","419"
"DM-13525","First Class","3","422"
"DN-13690","First Class","1","423"
"DO-13435","First Class","1","424"
"DP-13105","First Class","1","425"
"DP-13165","First Class","3","428"
"Dp-13240","First Class","13","441"
"DP-13390","First Class","2","443"
"DR-12880","First Class","4","447"
"DS-13030","First Class","9","456"
"DS-13180","First Class","2","458"
"DV-13045","First Class","2","460"
"DV-13465","First Class","2","462"
"DW-13480","First Class","3","465"
"DW-13585","First Class","3","468"
"EA-14035","First Class","6","474"
"EB-13750","First Class","3","477"
"EB-13870","First Class","1","478"
"EB-13930","First Class","1","479"
"EB-14170","First Class","1","480"
"EC-14050","First Class","2","482"
"ED-13885","First Class","4","486"
"EG-13900","First Class","6","492"
"EH-13765","First Class","2","494"
"EH-13990","First Class","1","495"
"EH-14005","First Class","3","498"
"EH-14125","First Class","1","499"
"EH-14185","First Class","1","500"
"EJ-13720","First Class","1","501"
"EK-13795","First Class","1","502"
"EM-13825","First Class","1","503"
"EM-13960","First Class","1","504"
"EM-14095","First Class","4","508"
"EM-14140","First Class","5","513"
"EM-14200","First Class","1","514"
"EN-13780","First Class","3","517"
"EP-13915","First Class","5","522"
"ES-14080","First Class","9","531"
"FA-14230","First Class","4","535"
"FC-14245","First Class","2","537"
"FC-14335","First Class","3","540"
"FH-14275","First Class","1","541"
"FH-14350","First Class","3","544"
"FH-14365","First Class","7","551"
"FM-14215","First Class","1","552"
"FM-14290","First Class","1","553"
"FO-14305","First Class","2","555"
"FP-14320","First Class","2","557"
"FW-14395","First Class","1","558"
"GA-14725","First Class","2","560"
"GB-14530","First Class","2","562"
"GD-14590","First Class","2","564"
"GG-14650","First Class","4","568"
"GH-14410","First Class","1","569"
"GH-14485","First Class","2","571"
"GK-14620","First Class","4","575"
"GM-14440","First Class","3","578"
"GM-14455","First Class","2","580"
"GT-14710","First Class","5","585"
"GT-14755","First Class","3","588"
"GZ-14470","First Class","1","589"
"HA-14920","First Class","8","597"
"HF-14995","First Class","3","600"
"HG-14965","First Class","2","602"
"HJ-14875","First Class","4","606"
"HL-15040","First Class","1","607"
"HM-14860","First Class","2","609"
"HM-14980","First Class","3","612"
"HR-14770","First Class","1","613"
"HR-14830","First Class","5","618"
"HW-14935","First Class","5","623"
"IL-15100","First Class","2","625"
"IM-15055","First Class","1","626"
"JB-15400","First Class","3","629"
"JB-15925","First Class","7","636"
"JB-16000","First Class","1","637"
"JD-15895","First Class","4","641"
"JD-16015","First Class","3","644"
"JD-16150","First Class","5","649"
"JE-15610","First Class","9","658"
"JE-15715","First Class","3","661"
"JE-15745","First Class","3","664"
"JF-15295","First Class","3","667"
"JF-15415","First Class","1","668"
"JF-15490","First Class","2","670"
"JG-15160","First Class","5","675"
"JG-15310","First Class","3","678"
"JG-15805","First Class","3","681"
"JH-15430","First Class","4","685"
"JH-15820","First Class","1","686"
"JH-15985","First Class","4","690"
"JJ-15445","First Class","1","691"
"JK-15205","First Class","1","692"
"JK-15370","First Class","3","695"
"JK-15625","First Class","3","698"
"JK-15730","First Class","5","703"
"JL-15130","First Class","3","706"
"JL-15850","First Class","1","707"
"JM-15250","First Class","1","708"
"JM-15535","First Class","3","711"
"JM-15580","First Class","1","712"
"JM-15655","First Class","2","714"
"JM-15865","First Class","1","715"
"JM-16195","First Class","9","724"
"JO-15145","First Class","3","727"
"JO-15550","First Class","7","734"
"JP-15460","First Class","6","740"
"JR-16210","First Class","1","741"
"JS-15595","First Class","1","742"
"JS-15880","First Class","5","747"
"JS-15940","First Class","2","749"
"JS-16030","First Class","1","750"
"JW-15955","First Class","3","753"
"KA-16525","First Class","1","754"
"KB-16405","First Class","2","756"
"KB-16585","First Class","3","759"
"KB-16600","First Class","5","764"
"KC-16255","First Class","5","769"
"KC-16675","First Class","2","771"
"KD-16270","First Class","3","774"
"KD-16345","First Class","4","778"
"KD-16495","First Class","2","780"
"KD-16615","First Class","6","786"
"KE-16420","First Class","5","791"
"KF-16285","First Class","4","795"
"KH-16510","First Class","2","797"
"KH-16630","First Class","1","798"
"KL-16555","First Class","11","809"
"KM-16375","First Class","1","810"
"KM-16720","First Class","3","813"
"KN-16390","First Class","4","817"
"KN-16705","First Class","1","818"
"KT-16480","First Class","1","819"
"KW-16435","First Class","1","820"
"KW-16570","First Class","3","823"
"LA-16780","First Class","1","824"
"LB-16735","First Class","1","825"
"LB-16795","First Class","9","834"
"LC-16870","First Class","4","838"
"LC-16885","First Class","4","842"
"LC-16930","First Class","5","847"
"LC-17050","First Class","1","848"
"LE-16810","First Class","1","849"
"LF-17185","First Class","5","854"
"LH-16750","First Class","2","856"
"LH-17020","First Class","4","860"
"LH-17155","First Class","2","862"
"LL-16840","First Class","6","868"
"LO-17170","First Class","3","871"
"LP-17095","First Class","1","872"
"LR-16915","First Class","4","876"
"LS-16945","First Class","2","878"
"LS-17200","First Class","4","882"
"LS-17245","First Class","4","886"
"LT-17110","First Class","1","887"
"LW-16825","First Class","4","891"
"LW-16990","First Class","2","893"
"LW-17125","First Class","3","896"
"LW-17215","First Class","9","905"
"MA-17560","First Class","2","907"
"MA-17995","First Class","4","911"
"MB-17305","First Class","3","914"
"MC-17275","First Class","1","915"
"MC-17425","First Class","4","919"
"MC-17575","First Class","1","920"
"MC-17605","First Class","10","930"
"MC-17845","First Class","4","934"
"MC-18100","First Class","2","936"
"MD-17860","First Class","1","937"
"ME-17320","First Class","2","939"
"ME-17725","First Class","4","943"
"MG-17650","First Class","1","944"
"MG-17680","First Class","2","946"
"MG-17875","First Class","2","948"
"MH-17620","First Class","1","949"
"MH-17785","First Class","4","953"
"MH-18025","First Class","5","958"
"MJ-17740","First Class","5","963"
"MK-17905","First Class","1","964"
"ML-17410","First Class","1","965"
"ML-18265","First Class","2","967"
"MM-17260","First Class","1","968"
"MM-18280","First Class","5","973"
"MN-17935","First Class","3","976"
"MP-17470","First Class","8","984"
"MP-18175","First Class","1","985"
"MR-17545","First Class","4","989"
"MS-17770","First Class","1","990"
"MS-17980","First Class","1","991"
"MT-17815","First Class","2","993"
"MT-18070","First Class","3","996"
"MV-17485","First Class","5","1001"
"MV-18190","First Class","3","1004"
"MW-18220","First Class","6","1010"
"MY-17380","First Class","1","1011"
"MZ-17335","First Class","2","1013"
"MZ-17515","First Class","4","1017"
"NB-18655","First Class","5","1022"
"NC-18340","First Class","6","1028"
"NC-18415","First Class","5","1033"
"NC-18535","First Class","2","1035"
"NC-18625","First Class","1","1036"
"ND-18370","First Class","5","1041"
"ND-18460","First Class","3","1044"
"NF-18385","First Class","6","1050"
"NF-18595","First Class","3","1053"
"NG-18430","First Class","1","1054"
"NK-18490","First Class","3","1057"
"NM-18445","First Class","1","1058"
"NM-18520","First Class","7","1065"
"NP-18325","First Class","10","1075"
"NP-18670","First Class","2","1077"
"NR-18550","First Class","2","1079"
"NS-18505","First Class","5","1084"
"NS-18640","First Class","6","1090"
"NW-18400","First Class","2","1092"
"NZ-18565","First Class","6","1098"
"ON-18715","First Class","2","1100"
"OT-18730","First Class","3","1103"
"PA-19060","First Class","2","1105"
"PB-18805","First Class","5","1110"
"PB-19210","First Class","1","1111"
"PC-18745","First Class","2","1113"
"PF-19225","First Class","7","1120"
"PG-18820","First Class","7","1127"
"PJ-18835","First Class","3","1130"
"PJ-19015","First Class","2","1132"
"PK-18910","First Class","2","1134"
"PM-18940","First Class","1","1135"
"PM-19135","First Class","1","1136"
"PN-18775","First Class","3","1139"
"PO-18850","First Class","6","1145"
"PO-19180","First Class","1","1146"
"PR-18880","First Class","8","1154"
"PS-18760","First Class","10","1164"
"PS-19045","First Class","4","1168"
"PV-18985","First Class","4","1172"
"PW-19030","First Class","1","1173"
"PW-19240","First Class","1","1174"
"RA-19285","First Class","3","1177"
"RA-19885","First Class","1","1178"
"RA-19915","First Class","1","1179"
"RA-19945","First Class","1","1180"
"RB-19360","First Class","3","1183"
"RB-19465","First Class","2","1185"
"RB-19570","First Class","5","1190"
"RB-19645","First Class","2","1192"
"RB-19705","First Class","4","1196"
"RB-19795","First Class","1","1197"
"RC-19825","First Class","6","1203"
"RC-19960","First Class","1","1204"
"RD-19585","First Class","4","1208"
"RD-19660","First Class","1","1209"
"RD-19720","First Class","2","1211"
"RD-19810","First Class","6","1217"
"RD-19900","First Class","2","1219"
"RE-19450","First Class","5","1224"
"RF-19345","First Class","1","1225"
"RF-19735","First Class","2","1227"
"RF-19840","First Class","2","1229"
"RH-19495","First Class","1","1230"
"RH-19510","First Class","6","1236"
"RL-19615","First Class","7","1243"
"RM-19375","First Class","2","1245"
"RM-19675","First Class","2","1247"
"RO-19780","First Class","3","1250"
"RP-19390","First Class","8","1258"
"RR-19525","First Class","1","1259"
"RS-19420","First Class","4","1263"
"RS-19765","First Class","3","1266"
"RW-19540","First Class","1","1267"
"RW-19630","First Class","5","1272"
"RW-19690","First Class","3","1275"
"SA-20830","First Class","6","1281"
"SB-20185","First Class","2","1283"
"SB-20290","First Class","3","1286"
"SC-20095","First Class","4","1290"
"SC-20260","First Class","5","1295"
"SC-20305","First Class","1","1296"
"SC-20380","First Class","4","1300"
"SC-20575","First Class","1","1301"
"SC-20680","First Class","1","1302"
"SC-20695","First Class","1","1303"
"SC-20725","First Class","8","1311"
"SC-20770","First Class","4","1315"
"SD-20485","First Class","9","1324"
"SE-20110","First Class","1","1325"
"SF-20065","First Class","4","1329"
"SF-20965","First Class","4","1333"
"SG-20080","First Class","1","1334"
"SG-20470","First Class","5","1339"
"SG-20890","First Class","1","1340"
"SH-20395","First Class","2","1342"
"SJ-20125","First Class","2","1344"
"SJ-20215","First Class","1","1345"
"SK-19990","First Class","2","1347"
"SL-20155","First Class","2","1349"
"SM-20905","First Class","6","1355"
"SO-20335","First Class","2","1357"
"SP-20620","First Class","1","1358"
"SP-20650","First Class","5","1363"
"SP-20860","First Class","2","1365"
"SP-20920","First Class","1","1366"
"SR-20740","First Class","1","1367"
"SS-20410","First Class","3","1370"
"SU-20665","First Class","1","1371"
"SV-20365","First Class","5","1376"
"SV-20815","First Class","4","1380"
"SV-20935","First Class","1","1381"
"SW-20455","First Class","1","1382"
"SZ-20035","First Class","9","1391"
"TA-21385","First Class","6","1397"
"TB-21055","First Class","8","1405"
"TB-21250","First Class","5","1410"
"TB-21280","First Class","3","1413"
"TB-21355","First Class","7","1420"
"TB-21520","First Class","5","1425"
"TB-21625","First Class","3","1428"
"TC-20980","First Class","2","1430"
"TC-21295","First Class","5","1435"
"TC-21475","First Class","4","1439"
"TC-21535","First Class","2","1441"
"TD-20995","First Class","5","1446"
"TH-21550","First Class","4","1450"
"TM-21490","First Class","2","1452"
"TP-21130","First Class","5","1457"
"TP-21415","First Class","3","1460"
"TP-21565","First Class","3","1463"
"TR-21325","First Class","2","1465"
"TS-21085","First Class","1","1466"
"TS-21160","First Class","1","1467"
"TS-21205","First Class","3","1470"
"TS-21340","First Class","4","1474"
"TS-21370","First Class","9","1483"
"TS-21505","First Class","1","1484"
"TS-21610","First Class","6","1490"
"TT-21070","First Class","2","1492"
"TT-21220","First Class","3","1495"
"TT-21265","First Class","1","1496"
"TW-21025","First Class","2","1498"
"VB-21745","First Class","3","1501"
"VG-21790","First Class","2","1503"
"VG-21805","First Class","2","1505"
"VM-21685","First Class","2","1507"
"VM-21835","First Class","2","1509"
"VP-21760","First Class","8","1517"
"VW-21775","First Class","3","1520"
"WB-21850","First Class","8","1528"
"XP-21865","First Class","2","1530"
"YC-21895","First Class","2","1532"
"YS-21880","First Class","1","1533"
"ZC-21910","First Class","4","1537"
"ZD-21925","First Class","1","1538"
"AA-10480","Same Day","1","1"
"AC-10615","Same Day","1","2"
"AG-10390","Same Day","1","3"
"AG-10495","Same Day","2","5"
"AG-10765","Same Day","1","6"
"AH-10075","Same Day","3","9"
"AH-10120","Same Day","1","10"
"AH-10585","Same Day","1","11"
"AI-10855","Same Day","1","12"
"AM-10360","Same Day","5","17"
"AP-10720","Same Day","2","19"
"AP-10915","Same Day","1","20"
"AR-10405","Same Day","1","21"
"AR-10510","Same Day","1","22"
"AS-10240","Same Day","1","23"
"AT-10735","Same Day","2","25"
"AZ-10750","Same Day","3","28"
"BB-11545","Same Day","3","31"
"BC-11125","Same Day","1","32"
"BD-11620","Same Day","3","35"
"BE-11410","Same Day","1","36"
"BF-11020","Same Day","1","37"
"BG-11035","Same Day","1","38"
"BG-11695","Same Day","1","39"
"BM-11785","Same Day","1","40"
"BP-11095","Same Day","2","42"
"BP-11185","Same Day","2","44"
"BP-11290","Same Day","2","46"
"BS-11365","Same Day","1","47"
"BT-11485","Same Day","1","48"
"BT-11680","Same Day","2","50"
"CA-12265","Same Day","2","52"
"CA-12775","Same Day","1","53"
"CB-12025","Same Day","2","55"
"CB-12415","Same Day","1","56"
"CB-12535","Same Day","4","60"
"CC-12220","Same Day","2","62"
"CC-12475","Same Day","2","64"
"CG-12520","Same Day","2","66"
"CK-12205","Same Day","3","69"
"CL-11890","Same Day","1","70"
"CL-12565","Same Day","6","76"
"CM-12190","Same Day","3","79"
"CM-12445","Same Day","4","83"
"CS-11860","Same Day","1","84"
"CS-11950","Same Day","2","86"
"CS-12250","Same Day","2","88"
"CY-12745","Same Day","1","89"
"DB-13060","Same Day","4","93"
"DB-13210","Same Day","1","94"
"DC-12850","Same Day","2","96"
"DC-13285","Same Day","2","98"
"DG-13300","Same Day","1","99"
"DH-13675","Same Day","4","103"
"DK-13375","Same Day","3","106"
"DL-12925","Same Day","1","107"
"DL-13495","Same Day","1","108"
"DM-12955","Same Day","1","109"
"DM-13015","Same Day","8","117"
"DO-13435","Same Day","3","120"
"DP-13390","Same Day","2","122"
"DR-12880","Same Day","2","124"
"DV-13045","Same Day","1","125"
"DV-13465","Same Day","1","126"
"EA-14035","Same Day","1","127"
"EB-13705","Same Day","1","128"
"EB-13750","Same Day","1","129"
"EB-14170","Same Day","1","130"
"EC-14050","Same Day","1","131"
"EH-13765","Same Day","1","132"
"EH-13945","Same Day","1","133"
"EH-14005","Same Day","2","135"
"EH-14125","Same Day","4","139"
"EM-13810","Same Day","3","142"
"EM-14140","Same Day","6","148"
"EN-13780","Same Day","4","152"
"FC-14335","Same Day","1","153"
"FG-14260","Same Day","1","154"
"FH-14275","Same Day","2","156"
"FM-14215","Same Day","1","157"
"FM-14290","Same Day","9","166"
"GA-14725","Same Day","1","167"
"GT-14635","Same Day","2","169"
"GZ-14470","Same Day","4","173"
"HA-14905","Same Day","1","174"
"HG-14845","Same Day","2","176"
"HG-14965","Same Day","1","177"
"HG-15025","Same Day","4","181"
"HH-15010","Same Day","2","183"
"HR-14830","Same Day","1","184"
"HZ-14950","Same Day","1","185"
"IM-15055","Same Day","2","187"
"JC-15775","Same Day","1","188"
"JD-16060","Same Day","4","192"
"JE-15745","Same Day","3","195"
"JF-15355","Same Day","3","198"
"JF-15415","Same Day","7","205"
"JF-15490","Same Day","2","207"
"JG-15115","Same Day","1","208"
"JG-15160","Same Day","1","209"
"JG-15310","Same Day","4","213"
"JH-15910","Same Day","1","214"
"JK-15370","Same Day","4","218"
"JK-15640","Same Day","6","224"
"JK-15730","Same Day","1","225"
"JK-16120","Same Day","1","226"
"JL-15175","Same Day","1","227"
"JL-15835","Same Day","5","232"
"JM-15655","Same Day","2","234"
"JM-16195","Same Day","1","235"
"JO-15145","Same Day","2","237"
"JO-15280","Same Day","1","238"
"JP-16135","Same Day","2","240"
"KB-16585","Same Day","1","241"
"KC-16540","Same Day","1","242"
"KD-16495","Same Day","5","247"
"KF-16285","Same Day","3","250"
"KH-16690","Same Day","1","251"
"KL-16645","Same Day","1","252"
"KT-16465","Same Day","2","254"
"KW-16435","Same Day","1","255"
"LB-16795","Same Day","4","259"
"LC-16870","Same Day","1","260"
"LF-17185","Same Day","3","263"
"LH-17155","Same Day","1","264"
"LL-16840","Same Day","2","266"
"LP-17080","Same Day","3","269"
"LR-16915","Same Day","1","270"
"LS-16975","Same Day","1","271"
"LS-17200","Same Day","3","274"
"LS-17245","Same Day","7","281"
"LT-17110","Same Day","1","282"
"MA-17560","Same Day","4","286"
"MB-17305","Same Day","5","291"
"MB-18085","Same Day","3","294"
"MC-17275","Same Day","3","297"
"MC-18100","Same Day","3","300"
"MG-17680","Same Day","6","306"
"MH-17290","Same Day","1","307"
"MH-17455","Same Day","3","310"
"MH-17785","Same Day","2","312"
"MK-17905","Same Day","4","316"
"ML-17755","Same Day","1","317"
"ML-18265","Same Day","1","318"
"MM-17920","Same Day","1","319"
"MO-17500","Same Day","1","320"
"MS-17530","Same Day","3","323"
"MS-17710","Same Day","4","327"
"MV-18190","Same Day","1","328"
"MW-18220","Same Day","2","330"
"MW-18235","Same Day","1","331"
"MY-18295","Same Day","2","333"
"NB-18655","Same Day","4","337"
"NC-18340","Same Day","5","342"
"NF-18385","Same Day","1","343"
"NG-18355","Same Day","5","348"
"NM-18520","Same Day","1","349"
"NS-18640","Same Day","5","354"
"NZ-18565","Same Day","1","355"
"ON-18715","Same Day","1","356"
"PB-19150","Same Day","1","357"
"PG-18820","Same Day","5","362"
"PJ-19015","Same Day","3","365"
"PK-19075","Same Day","1","366"
"PO-19180","Same Day","2","368"
"PO-19195","Same Day","1","369"
"PP-18955","Same Day","12","381"
"PR-18880","Same Day","1","382"
"PS-18760","Same Day","1","383"
"PS-18970","Same Day","2","385"
"PT-19090","Same Day","4","389"
"RA-19285","Same Day","3","392"
"RA-19885","Same Day","5","397"
"RA-19945","Same Day","3","400"
"RB-19435","Same Day","3","403"
"RB-19465","Same Day","5","408"
"RB-19645","Same Day","1","409"
"RC-19825","Same Day","2","411"
"RD-19930","Same Day","2","413"
"RF-19840","Same Day","1","414"
"RH-19495","Same Day","5","419"
"RH-19600","Same Day","1","420"
"RP-19390","Same Day","8","428"
"RR-19315","Same Day","3","431"
"RS-19765","Same Day","1","432"
"RW-19540","Same Day","2","434"
"SB-20290","Same Day","4","438"
"SC-20800","Same Day","2","440"
"SF-20065","Same Day","1","441"
"SF-20200","Same Day","2","443"
"SG-20080","Same Day","9","452"
"SG-20470","Same Day","1","453"
"SH-20395","Same Day","1","454"
"SJ-20215","Same Day","2","456"
"SL-20155","Same Day","2","458"
"SM-20320","Same Day","1","459"
"SN-20560","Same Day","3","462"
"SP-20920","Same Day","5","467"
"SR-20740","Same Day","1","468"
"SS-20590","Same Day","3","471"
"SU-20665","Same Day","11","482"
"SV-20785","Same Day","2","484"
"SV-20935","Same Day","1","485"
"SW-20245","Same Day","2","487"
"TB-21190","Same Day","1","488"
"TB-21280","Same Day","2","490"
"TB-21400","Same Day","2","492"
"TB-21595","Same Day","1","493"
"TB-21625","Same Day","4","497"
"TC-21295","Same Day","2","499"
"TC-21535","Same Day","1","500"
"TD-20995","Same Day","4","504"
"TG-21640","Same Day","5","509"
"TH-21235","Same Day","1","510"
"TH-21550","Same Day","1","511"
"TN-21040","Same Day","2","513"
"TP-21415","Same Day","1","514"
"TS-21160","Same Day","2","516"
"TS-21205","Same Day","2","518"
"TS-21340","Same Day","1","519"
"TT-21220","Same Day","4","523"
"VB-21745","Same Day","1","524"
"VM-21685","Same Day","2","526"
"VM-21835","Same Day","3","529"
"WB-21850","Same Day","11","540"
"YC-21895","Same Day","1","541"
"ZD-21925","Same Day","2","543"
"AA-10375","Second Class","3","3"
"AB-10150","Second Class","10","13"
"AB-10165","Second Class","1","14"
"AB-10255","Second Class","1","15"
"AC-10420","Second Class","2","17"
"AC-10450","Second Class","1","18"
"AC-10660","Second Class","2","20"
"AD-10180","Second Class","3","23"
"AF-10885","Second Class","4","27"
"AG-10270","Second Class","2","29"
"AG-10330","Second Class","5","34"
"AG-10390","Second Class","2","36"
"AG-10495","Second Class","2","38"
"AG-10675","Second Class","7","45"
"AG-10900","Second Class","2","47"
"AH-10030","Second Class","3","50"
"AH-10075","Second Class","3","53"
"AH-10120","Second Class","1","54"
"AH-10195","Second Class","5","59"
"AH-10465","Second Class","4","63"
"AH-10585","Second Class","2","65"
"AH-10690","Second Class","2","67"
"AI-10855","Second Class","8","75"
"AJ-10780","Second Class","1","76"
"AJ-10795","Second Class","7","83"
"AJ-10945","Second Class","3","86"
"AJ-10960","Second Class","1","87"
"AM-10360","Second Class","1","88"
"AM-10705","Second Class","8","96"
"AP-10915","Second Class","5","101"
"AR-10345","Second Class","3","104"
"AR-10405","Second Class","2","106"
"AR-10540","Second Class","6","112"
"AR-10825","Second Class","7","119"
"AS-10090","Second Class","2","121"
"AS-10225","Second Class","12","133"
"AS-10240","Second Class","3","136"
"AS-10285","Second Class","1","137"
"AT-10435","Second Class","5","142"
"AT-10735","Second Class","3","145"
"AW-10840","Second Class","1","146"
"AW-10930","Second Class","7","153"
"AY-10555","Second Class","4","157"
"AZ-10750","Second Class","1","158"
"BB-10990","Second Class","2","160"
"BB-11545","Second Class","1","161"
"BC-11125","Second Class","8","169"
"BD-11320","Second Class","4","173"
"BD-11605","Second Class","2","175"
"BD-11620","Second Class","1","176"
"BD-11635","Second Class","4","180"
"BD-11725","Second Class","3","183"
"BE-11455","Second Class","6","189"
"BF-10975","Second Class","3","192"
"BF-11020","Second Class","12","204"
"BF-11080","Second Class","2","206"
"BF-11170","Second Class","8","214"
"BF-11215","Second Class","5","219"
"BK-11260","Second Class","1","220"
"BM-11140","Second Class","2","222"
"BM-11575","Second Class","3","225"
"BM-11650","Second Class","11","236"
"BM-11785","Second Class","7","243"
"BN-11470","Second Class","2","245"
"BN-11515","Second Class","1","246"
"BP-11095","Second Class","3","249"
"BP-11155","Second Class","8","257"
"BP-11185","Second Class","7","264"
"BP-11230","Second Class","1","265"
"BP-11290","Second Class","1","266"
"BS-11590","Second Class","1","267"
"BT-11305","Second Class","2","269"
"BT-11440","Second Class","1","270"
"BT-11530","Second Class","6","276"
"BW-11110","Second Class","2","278"
"BW-11200","Second Class","1","279"
"CA-11965","Second Class","6","285"
"CA-12055","Second Class","1","286"
"CA-12775","Second Class","6","292"
"CB-12025","Second Class","2","294"
"CB-12535","Second Class","3","297"
"CC-12145","Second Class","1","298"
"CC-12220","Second Class","4","302"
"CC-12370","Second Class","4","306"
"CC-12430","Second Class","7","313"
"CC-12475","Second Class","1","314"
"CC-12610","Second Class","3","317"
"CC-12670","Second Class","12","329"
"CD-12280","Second Class","8","337"
"CG-12040","Second Class","1","338"
"CG-12520","Second Class","2","340"
"CH-12070","Second Class","2","342"
"CK-12205","Second Class","2","344"
"CK-12595","Second Class","3","347"
"CK-12760","Second Class","2","349"
"CL-11890","Second Class","5","354"
"CL-12565","Second Class","2","356"
"CL-12700","Second Class","1","357"
"CM-11815","Second Class","5","362"
"CM-11935","Second Class","1","363"
"CM-12115","Second Class","3","366"
"CM-12160","Second Class","1","367"
"CM-12235","Second Class","4","371"
"CM-12385","Second Class","1","372"
"CM-12445","Second Class","3","375"
"CM-12655","Second Class","1","376"
"Co-12640","Second Class","1","377"
"CP-12085","Second Class","7","384"
"CP-12340","Second Class","1","385"
"CR-12580","Second Class","1","386"
"CR-12625","Second Class","1","387"
"CR-12730","Second Class","1","388"
"CS-11845","Second Class","2","390"
"CS-11860","Second Class","2","392"
"CS-11950","Second Class","2","394"
"CS-12175","Second Class","1","395"
"CS-12250","Second Class","10","405"
"CS-12355","Second Class","3","408"
"CS-12400","Second Class","3","411"
"CS-12505","Second Class","1","412"
"CT-11995","Second Class","2","414"
"CV-12295","Second Class","1","415"
"CV-12805","Second Class","4","419"
"CW-11905","Second Class","6","425"
"CY-12745","Second Class","3","428"
"DA-13450","Second Class","2","430"
"DB-12910","Second Class","5","435"
"DB-12970","Second Class","7","442"
"DB-13060","Second Class","2","444"
"DB-13120","Second Class","1","445"
"DB-13210","Second Class","4","449"
"DB-13270","Second Class","4","453"
"DB-13360","Second Class","1","454"
"DB-13405","Second Class","12","466"
"DB-13615","Second Class","5","471"
"DB-13660","Second Class","1","472"
"DC-12850","Second Class","2","474"
"DE-13255","Second Class","6","480"
"DF-13135","Second Class","1","481"
"DH-13075","Second Class","2","483"
"DJ-13420","Second Class","2","485"
"DJ-13510","Second Class","1","486"
"DJ-13630","Second Class","1","487"
"DK-12835","Second Class","11","498"
"DK-13150","Second Class","2","500"
"DK-13225","Second Class","9","509"
"DK-13375","Second Class","12","521"
"DL-12865","Second Class","1","522"
"DL-12925","Second Class","3","525"
"DL-13315","Second Class","13","538"
"DL-13330","Second Class","5","543"
"DL-13495","Second Class","3","546"
"Dl-13600","Second Class","1","547"
"DM-12955","Second Class","1","548"
"DM-13015","Second Class","9","557"
"DM-13345","Second Class","4","561"
"DM-13525","Second Class","7","568"
"DN-13690","Second Class","1","569"
"DO-13435","Second Class","3","572"
"DO-13645","Second Class","3","575"
"DP-13000","Second Class","1","576"
"DP-13105","Second Class","2","578"
"DP-13390","Second Class","3","581"
"DR-12880","Second Class","8","589"
"DR-12940","Second Class","3","592"
"DS-13180","Second Class","1","593"
"DV-13045","Second Class","1","594"
"DV-13465","Second Class","5","599"
"DW-13195","Second Class","3","602"
"DW-13480","Second Class","5","607"
"DW-13540","Second Class","5","612"
"DW-13585","Second Class","3","615"
"EB-13705","Second Class","3","618"
"EB-13750","Second Class","3","621"
"EB-13930","Second Class","1","622"
"EB-13975","Second Class","1","623"
"EB-14110","Second Class","5","628"
"EB-14170","Second Class","1","629"
"ED-13885","Second Class","2","631"
"EG-13900","Second Class","2","633"
"EH-13765","Second Class","4","637"
"EH-13945","Second Class","5","642"
"EH-13990","Second Class","1","643"
"EH-14005","Second Class","2","645"
"EH-14185","Second Class","1","646"
"EJ-14155","Second Class","5","651"
"EK-13795","Second Class","1","652"
"EM-13810","Second Class","1","653"
"EM-13825","Second Class","5","658"
"EM-13960","Second Class","2","660"
"EM-14065","Second Class","3","663"
"EM-14095","Second Class","6","669"
"EP-13915","Second Class","2","671"
"ER-13855","Second Class","3","674"
"ES-14020","Second Class","1","675"
"FA-14230","Second Class","6","681"
"FC-14245","Second Class","3","684"
"FG-14260","Second Class","2","686"
"FH-14275","Second Class","11","697"
"FM-14215","Second Class","5","702"
"FM-14380","Second Class","5","707"
"FO-14305","Second Class","2","709"
"FW-14395","Second Class","1","710"
"GA-14515","Second Class","4","714"
"GA-14725","Second Class","6","720"
"GB-14530","Second Class","3","723"
"GD-14590","Second Class","2","725"
"GG-14650","Second Class","2","727"
"GH-14410","Second Class","4","731"
"GH-14665","Second Class","1","732"
"GK-14620","Second Class","3","735"
"GM-14440","Second Class","1","736"
"GM-14455","Second Class","2","738"
"GM-14500","Second Class","4","742"
"GM-14695","Second Class","6","748"
"GT-14710","Second Class","2","750"
"GW-14605","Second Class","3","753"
"GZ-14470","Second Class","1","754"
"GZ-14545","Second Class","1","755"
"HA-14905","Second Class","2","757"
"HA-14920","Second Class","2","759"
"HD-14785","Second Class","2","761"
"HE-14800","Second Class","3","764"
"HF-14995","Second Class","4","768"
"HG-14845","Second Class","2","770"
"HG-14965","Second Class","2","772"
"HH-15010","Second Class","4","776"
"HK-14890","Second Class","2","778"
"HL-15040","Second Class","2","780"
"HM-14860","Second Class","3","783"
"HP-14815","Second Class","3","786"
"HR-14770","Second Class","1","787"
"HR-14830","Second Class","2","789"
"HW-14935","Second Class","8","797"
"IG-15085","Second Class","2","799"
"IM-15070","Second Class","4","803"
"JA-15970","Second Class","6","809"
"JB-15400","Second Class","3","812"
"JB-16000","Second Class","2","814"
"JB-16045","Second Class","1","815"
"JC-15775","Second Class","6","821"
"JC-16105","Second Class","1","822"
"JD-15895","Second Class","19","841"
"JD-16015","Second Class","1","842"
"JE-15475","Second Class","1","843"
"JE-15610","Second Class","5","848"
"JE-15715","Second Class","1","849"
"JE-15745","Second Class","7","856"
"JE-16165","Second Class","2","858"
"JF-15190","Second Class","4","862"
"JF-15355","Second Class","9","871"
"JF-15415","Second Class","2","873"
"JF-15565","Second Class","8","881"
"JG-15115","Second Class","2","883"
"JG-15160","Second Class","3","886"
"JG-15310","Second Class","2","888"
"JG-15805","Second Class","1","889"
"JH-15820","Second Class","5","894"
"JH-15985","Second Class","1","895"
"JH-16180","Second Class","1","896"
"JJ-15445","Second Class","2","898"
"JJ-15760","Second Class","1","899"
"JK-15205","Second Class","2","901"
"JK-15325","Second Class","2","903"
"JK-15370","Second Class","4","907"
"JK-15625","Second Class","2","909"
"JK-15640","Second Class","2","911"
"JK-15730","Second Class","5","916"
"JK-16120","Second Class","3","919"
"JL-15175","Second Class","1","920"
"JL-15505","Second Class","1","921"
"JL-15835","Second Class","9","930"
"JL-15850","Second Class","4","934"
"JM-15250","Second Class","3","937"
"JM-15265","Second Class","6","943"
"JM-15535","Second Class","1","944"
"JM-15865","Second Class","6","950"
"JM-16195","Second Class","6","956"
"JO-15280","Second Class","7","963"
"JP-15520","Second Class","8","971"
"JP-16135","Second Class","1","972"
"JR-16210","Second Class","1","973"
"JS-15595","Second Class","1","974"
"JS-15685","Second Class","5","979"
"JS-15880","Second Class","3","982"
"JS-15940","Second Class","3","985"
"JS-16030","Second Class","2","987"
"JW-15220","Second Class","1","988"
"JW-15955","Second Class","3","991"
"KA-16525","Second Class","2","993"
"KB-16240","Second Class","1","994"
"KB-16315","Second Class","5","999"
"KB-16405","Second Class","4","1003"
"KB-16585","Second Class","2","1005"
"KC-16255","Second Class","5","1010"
"KC-16675","Second Class","1","1011"
"KD-16345","Second Class","1","1012"
"KH-16330","Second Class","6","1018"
"KH-16360","Second Class","9","1027"
"KH-16510","Second Class","3","1030"
"KH-16630","Second Class","3","1033"
"KH-16690","Second Class","2","1035"
"KL-16555","Second Class","2","1037"
"KL-16645","Second Class","13","1050"
"KM-16225","Second Class","5","1055"
"KM-16660","Second Class","1","1056"
"KM-16720","Second Class","5","1061"
"KN-16390","Second Class","1","1062"
"KN-16450","Second Class","1","1063"
"KN-16705","Second Class","1","1064"
"KS-16300","Second Class","1","1065"
"KT-16465","Second Class","1","1066"
"KT-16480","Second Class","6","1072"
"LA-16780","Second Class","12","1084"
"LB-16735","Second Class","1","1085"
"LB-16795","Second Class","1","1086"
"LC-16870","Second Class","14","1100"
"LC-16885","Second Class","2","1102"
"LC-16930","Second Class","3","1105"
"LC-17050","Second Class","4","1109"
"LC-17140","Second Class","11","1120"
"LD-17005","Second Class","4","1124"
"LE-16810","Second Class","2","1126"
"LF-17185","Second Class","1","1127"
"LH-16900","Second Class","5","1132"
"LH-17020","Second Class","1","1133"
"LH-17155","Second Class","8","1141"
"LL-16840","Second Class","1","1142"
"LO-17170","Second Class","2","1144"
"LP-17080","Second Class","2","1146"
"LR-17035","Second Class","3","1149"
"LS-16975","Second Class","7","1156"
"LS-17230","Second Class","1","1157"
"LT-16765","Second Class","2","1159"
"LW-16825","Second Class","4","1163"
"LW-17215","Second Class","2","1165"
"MA-17560","Second Class","15","1180"
"MB-17305","Second Class","4","1184"
"MB-18085","Second Class","1","1185"
"MC-17425","Second Class","1","1186"
"MC-17575","Second Class","4","1190"
"MC-17590","Second Class","4","1194"
"MC-17605","Second Class","1","1195"
"MC-17635","Second Class","5","1200"
"MC-17845","Second Class","5","1205"
"MC-18130","Second Class","2","1207"
"MD-17350","Second Class","4","1211"
"MD-17860","Second Class","2","1213"
"ME-17320","Second Class","4","1217"
"ME-17725","Second Class","4","1221"
"MF-17665","Second Class","1","1222"
"MF-18250","Second Class","5","1227"
"MG-17650","Second Class","1","1228"
"MG-17875","Second Class","2","1230"
"MG-18145","Second Class","1","1231"
"MG-18205","Second Class","2","1233"
"MH-17290","Second Class","5","1238"
"MH-17440","Second Class","3","1241"
"MH-17455","Second Class","2","1243"
"MH-17785","Second Class","1","1244"
"MH-18025","Second Class","4","1248"
"MH-18115","Second Class","4","1252"
"MJ-17740","Second Class","3","1255"
"ML-17395","Second Class","3","1258"
"ML-17410","Second Class","2","1260"
"MM-17920","Second Class","4","1264"
"MM-18055","Second Class","10","1274"
"MM-18280","Second Class","3","1277"
"MN-17935","Second Class","5","1282"
"MO-17500","Second Class","3","1285"
"MO-17800","Second Class","3","1288"
"MP-17965","Second Class","12","1300"
"MP-18175","Second Class","8","1308"
"MS-17365","Second Class","8","1316"
"MS-17530","Second Class","2","1318"
"MS-17710","Second Class","6","1324"
"MS-17770","Second Class","2","1326"
"MS-17830","Second Class","1","1327"
"MS-17980","Second Class","1","1328"
"MV-17485","Second Class","4","1332"
"MW-18220","Second Class","1","1333"
"MY-18295","Second Class","2","1335"
"MZ-17335","Second Class","2","1337"
"MZ-17515","Second Class","1","1338"
"NB-18580","Second Class","1","1339"
"NB-18655","Second Class","1","1340"
"NC-18340","Second Class","5","1345"
"NC-18535","Second Class","2","1347"
"ND-18370","Second Class","5","1352"
"ND-18460","Second Class","1","1353"
"NF-18385","Second Class","1","1354"
"NF-18595","Second Class","3","1357"
"NG-18355","Second Class","5","1362"
"NG-18430","Second Class","3","1365"
"NH-18610","Second Class","1","1366"
"NK-18490","Second Class","3","1369"
"NL-18310","Second Class","7","1376"
"NM-18445","Second Class","5","1381"
"NP-18325","Second Class","8","1389"
"NP-18670","Second Class","1","1390"
"NP-18685","Second Class","4","1394"
"NP-18700","Second Class","7","1401"
"NR-18550","Second Class","1","1402"
"NS-18505","Second Class","10","1412"
"NS-18640","Second Class","1","1413"
"NZ-18565","Second Class","4","1417"
"ON-18715","Second Class","3","1420"
"PB-19105","Second Class","1","1421"
"PC-18745","Second Class","2","1423"
"PF-19120","Second Class","3","1426"
"PF-19165","Second Class","4","1430"
"PG-18895","Second Class","5","1435"
"PJ-18835","Second Class","1","1436"
"PJ-19015","Second Class","5","1441"
"PK-19075","Second Class","9","1450"
"PM-19135","Second Class","3","1453"
"PN-18775","Second Class","4","1457"
"PO-18850","Second Class","5","1462"
"PO-18865","Second Class","4","1466"
"PO-19180","Second Class","2","1468"
"PO-19195","Second Class","5","1473"
"PP-18955","Second Class","5","1478"
"PR-18880","Second Class","1","1479"
"PS-18760","Second Class","4","1483"
"PS-18970","Second Class","3","1486"
"PS-19045","Second Class","1","1487"
"PT-19090","Second Class","1","1488"
"PW-19030","Second Class","5","1493"
"PW-19240","Second Class","7","1500"
"QJ-19255","Second Class","2","1502"
"RA-19285","Second Class","5","1507"
"RA-19915","Second Class","5","1512"
"RA-19945","Second Class","3","1515"
"RB-19360","Second Class","8","1523"
"RB-19435","Second Class","6","1529"
"RB-19465","Second Class","3","1532"
"RB-19570","Second Class","1","1533"
"RB-19645","Second Class","1","1534"
"RB-19795","Second Class","4","1538"
"RC-19960","Second Class","6","1544"
"RD-19480","Second Class","1","1545"
"RD-19660","Second Class","1","1546"
"RD-19720","Second Class","1","1547"
"RD-19810","Second Class","6","1553"
"RD-19900","Second Class","8","1561"
"RE-19405","Second Class","1","1562"
"RE-19450","Second Class","1","1563"
"RF-19345","Second Class","9","1572"
"RF-19735","Second Class","3","1575"
"RF-19840","Second Class","1","1576"
"RH-19510","Second Class","3","1579"
"RH-19600","Second Class","5","1584"
"RK-19300","Second Class","7","1591"
"RL-19615","Second Class","11","1602"
"RM-19675","Second Class","5","1607"
"RM-19750","Second Class","2","1609"
"RO-19780","Second Class","4","1613"
"RP-19270","Second Class","6","1619"
"RP-19390","Second Class","2","1621"
"RR-19525","Second Class","4","1625"
"RS-19420","Second Class","4","1629"
"RS-19765","Second Class","3","1632"
"RS-19870","Second Class","2","1634"
"RW-19540","Second Class","1","1635"
"RW-19630","Second Class","3","1638"
"RW-19690","Second Class","10","1648"
"SA-20830","Second Class","4","1652"
"SB-20185","Second Class","3","1655"
"SB-20290","Second Class","2","1657"
"SC-20020","Second Class","2","1659"
"SC-20050","Second Class","1","1660"
"SC-20095","Second Class","2","1662"
"SC-20230","Second Class","4","1666"
"SC-20260","Second Class","5","1671"
"SC-20305","Second Class","3","1674"
"SC-20380","Second Class","3","1677"
"SC-20440","Second Class","1","1678"
"SC-20695","Second Class","4","1682"
"SC-20725","Second Class","6","1688"
"SC-20770","Second Class","14","1702"
"SD-20485","Second Class","2","1704"
"SE-20110","Second Class","4","1708"
"SF-20065","Second Class","3","1711"
"SF-20200","Second Class","4","1715"
"SF-20965","Second Class","1","1716"
"SG-20470","Second Class","2","1718"
"SG-20605","Second Class","1","1719"
"SG-20890","Second Class","1","1720"
"SH-19975","Second Class","6","1726"
"SH-20395","Second Class","2","1728"
"SJ-20125","Second Class","4","1732"
"SJ-20500","Second Class","3","1735"
"SL-20155","Second Class","1","1736"
"SM-20005","Second Class","1","1737"
"SM-20950","Second Class","6","1743"
"SP-20545","Second Class","2","1745"
"SP-20620","Second Class","7","1752"
"SR-20425","Second Class","2","1754"
"SS-20140","Second Class","3","1757"
"SS-20410","Second Class","2","1759"
"ST-20530","Second Class","6","1765"
"SU-20665","Second Class","4","1769"
"SV-20365","Second Class","8","1777"
"SV-20785","Second Class","1","1778"
"SV-20935","Second Class","3","1781"
"SW-20245","Second Class","2","1783"
"SW-20350","Second Class","2","1785"
"SW-20455","Second Class","1","1786"
"SW-20755","Second Class","8","1794"
"SZ-20035","Second Class","8","1802"
"TB-21055","Second Class","10","1812"
"TB-21175","Second Class","4","1816"
"TB-21190","Second Class","1","1817"
"TB-21250","Second Class","4","1821"
"TB-21355","Second Class","2","1823"
"TB-21400","Second Class","14","1837"
"TB-21520","Second Class","3","1840"
"TB-21595","Second Class","3","1843"
"TB-21625","Second Class","1","1844"
"TC-21295","Second Class","2","1846"
"TC-21475","Second Class","2","1848"
"TC-21535","Second Class","3","1851"
"TD-20995","Second Class","2","1853"
"TG-21310","Second Class","7","1860"
"TG-21640","Second Class","5","1865"
"TH-21100","Second Class","1","1866"
"TH-21235","Second Class","5","1871"
"TM-21010","Second Class","7","1878"
"TP-21130","Second Class","2","1880"
"TP-21415","Second Class","1","1881"
"TP-21565","Second Class","6","1887"
"TS-21160","Second Class","2","1889"
"TS-21205","Second Class","3","1892"
"TS-21430","Second Class","3","1895"
"TS-21610","Second Class","2","1897"
"TS-21655","Second Class","5","1902"
"TT-21070","Second Class","2","1904"
"TT-21460","Second Class","5","1909"
"TW-21025","Second Class","5","1914"
"TZ-21580","Second Class","3","1917"
"VD-21670","Second Class","6","1923"
"VF-21715","Second Class","2","1925"
"VG-21790","Second Class","1","1926"
"VM-21685","Second Class","5","1931"
"VM-21835","Second Class","1","1932"
"VS-21820","Second Class","2","1934"
"VW-21775","Second Class","4","1938"
"XP-21865","Second Class","3","1941"
"ZC-21910","Second Class","1","1942"
"ZD-21925","Second Class","3","1945"
"AA-10315","Standard Class","10","10"
"AA-10375","Standard Class","8","18"
"AA-10480","Standard Class","11","29"
"AA-10645","Standard Class","11","40"
"AB-10015","Standard Class","1","41"
"AB-10060","Standard Class","10","51"
"AB-10105","Standard Class","16","67"
"AB-10150","Standard Class","2","69"
"AB-10165","Standard Class","10","79"
"AB-10255","Standard Class","12","91"
"AB-10600","Standard Class","2","93"
"AC-10420","Standard Class","3","96"
"AC-10450","Standard Class","4","100"
"AC-10615","Standard Class","17","117"
"AC-10660","Standard Class","2","119"
"AD-10180","Standard Class","9","128"
"AF-10870","Standard Class","16","144"
"AF-10885","Standard Class","3","147"
"AG-10270","Standard Class","10","157"
"AG-10300","Standard Class","4","161"
"AG-10330","Standard Class","3","164"
"AG-10390","Standard Class","2","166"
"AG-10495","Standard Class","16","182"
"AG-10525","Standard Class","9","191"
"AG-10675","Standard Class","6","197"
"AG-10765","Standard Class","4","201"
"AG-10900","Standard Class","13","214"
"AH-10030","Standard Class","5","219"
"AH-10075","Standard Class","5","224"
"AH-10120","Standard Class","5","229"
"AH-10195","Standard Class","2","231"
"AH-10210","Standard Class","9","240"
"AH-10465","Standard Class","4","244"
"AH-10585","Standard Class","2","246"
"AH-10690","Standard Class","20","266"
"AI-10855","Standard Class","8","274"
"AJ-10780","Standard Class","8","282"
"AJ-10795","Standard Class","14","296"
"AJ-10945","Standard Class","6","302"
"AJ-10960","Standard Class","4","306"
"AM-10360","Standard Class","4","310"
"AM-10705","Standard Class","14","324"
"AP-10720","Standard Class","16","340"
"AP-10915","Standard Class","22","362"
"AR-10345","Standard Class","1","363"
"AR-10405","Standard Class","4","367"
"AR-10510","Standard Class","6","373"
"AR-10540","Standard Class","3","376"
"AR-10570","Standard Class","2","378"
"AR-10825","Standard Class","6","384"
"AS-10045","Standard Class","4","388"
"AS-10090","Standard Class","16","404"
"AS-10135","Standard Class","1","405"
"AS-10225","Standard Class","1","406"
"AS-10240","Standard Class","9","415"
"AS-10285","Standard Class","4","419"
"AS-10630","Standard Class","12","431"
"AT-10435","Standard Class","3","434"
"AT-10735","Standard Class","10","444"
"AW-10840","Standard Class","3","447"
"AW-10930","Standard Class","7","454"
"AY-10555","Standard Class","5","459"
"AZ-10750","Standard Class","8","467"
"BB-10990","Standard Class","4","471"
"BB-11545","Standard Class","16","487"
"BC-11125","Standard Class","4","491"
"BD-11320","Standard Class","15","506"
"BD-11500","Standard Class","8","514"
"BD-11560","Standard Class","4","518"
"BD-11605","Standard Class","17","535"
"BD-11620","Standard Class","3","538"
"BD-11725","Standard Class","4","542"
"BD-11770","Standard Class","9","551"
"BE-11335","Standard Class","7","558"
"BE-11410","Standard Class","2","560"
"BE-11455","Standard Class","4","564"
"BF-10975","Standard Class","9","573"
"BF-11005","Standard Class","10","583"
"BF-11020","Standard Class","2","585"
"BF-11080","Standard Class","1","586"
"BF-11170","Standard Class","19","605"
"BF-11215","Standard Class","3","608"
"BF-11275","Standard Class","4","612"
"BG-11035","Standard Class","9","621"
"BG-11695","Standard Class","6","627"
"BG-11740","Standard Class","4","631"
"BH-11710","Standard Class","20","651"
"BK-11260","Standard Class","15","666"
"BM-11140","Standard Class","8","674"
"BM-11575","Standard Class","6","680"
"BM-11650","Standard Class","13","693"
"BM-11785","Standard Class","5","698"
"BN-11470","Standard Class","4","702"
"BN-11515","Standard Class","16","718"
"BO-11350","Standard Class","12","730"
"BO-11425","Standard Class","2","732"
"BP-11050","Standard Class","6","738"
"BP-11095","Standard Class","8","746"
"BP-11155","Standard Class","3","749"
"BP-11185","Standard Class","8","757"
"BP-11230","Standard Class","5","762"
"BP-11290","Standard Class","13","775"
"BS-11365","Standard Class","6","781"
"BS-11380","Standard Class","13","794"
"BS-11590","Standard Class","8","802"
"BS-11665","Standard Class","11","813"
"BS-11755","Standard Class","12","825"
"BS-11800","Standard Class","2","827"
"BT-11305","Standard Class","7","834"
"BT-11395","Standard Class","8","842"
"BT-11440","Standard Class","5","847"
"BT-11485","Standard Class","2","849"
"BT-11530","Standard Class","4","853"
"BT-11680","Standard Class","17","870"
"BV-11245","Standard Class","10","880"
"BW-11065","Standard Class","3","883"
"BW-11110","Standard Class","13","896"
"BW-11200","Standard Class","8","904"
"CA-11965","Standard Class","2","906"
"CA-12055","Standard Class","7","913"
"CA-12265","Standard Class","13","926"
"CA-12310","Standard Class","11","937"
"CA-12775","Standard Class","6","943"
"CB-12025","Standard Class","18","961"
"CB-12415","Standard Class","8","969"
"CB-12535","Standard Class","12","981"
"CC-12100","Standard Class","7","988"
"CC-12145","Standard Class","6","994"
"CC-12220","Standard Class","9","1003"
"CC-12370","Standard Class","7","1010"
"CC-12430","Standard Class","10","1020"
"CC-12475","Standard Class","7","1027"
"CC-12550","Standard Class","3","1030"
"CC-12610","Standard Class","3","1033"
"CC-12670","Standard Class","2","1035"
"CC-12685","Standard Class","12","1047"
"CD-11920","Standard Class","5","1052"
"CD-11980","Standard Class","6","1058"
"CD-12790","Standard Class","11","1069"
"CG-12040","Standard Class","8","1077"
"CH-12070","Standard Class","2","1079"
"CJ-12010","Standard Class","20","1099"
"CK-12205","Standard Class","21","1120"
"CK-12325","Standard Class","7","1127"
"CK-12595","Standard Class","8","1135"
"CK-12760","Standard Class","11","1146"
"CL-11890","Standard Class","1","1147"
"CL-12565","Standard Class","19","1166"
"CL-12700","Standard Class","6","1172"
"CM-11815","Standard Class","4","1176"
"CM-11935","Standard Class","3","1179"
"CM-12115","Standard Class","3","1182"
"CM-12160","Standard Class","5","1187"
"CM-12190","Standard Class","2","1189"
"CM-12235","Standard Class","4","1193"
"CM-12385","Standard Class","9","1202"
"CM-12445","Standard Class","2","1204"
"CM-12655","Standard Class","6","1210"
"CM-12715","Standard Class","11","1221"
"Co-12640","Standard Class","7","1228"
"CP-12085","Standard Class","2","1230"
"CP-12340","Standard Class","13","1243"
"CR-12580","Standard Class","3","1246"
"CR-12625","Standard Class","2","1248"
"CR-12730","Standard Class","4","1252"
"CR-12820","Standard Class","4","1256"
"CS-11845","Standard Class","1","1257"
"CS-11860","Standard Class","4","1261"
"CS-11950","Standard Class","16","1277"
"CS-12130","Standard Class","7","1284"
"CS-12175","Standard Class","7","1291"
"CS-12250","Standard Class","13","1304"
"CS-12355","Standard Class","16","1320"
"CS-12400","Standard Class","9","1329"
"CS-12460","Standard Class","6","1335"
"CS-12490","Standard Class","8","1343"
"CS-12505","Standard Class","8","1351"
"CT-11995","Standard Class","11","1362"
"CV-12295","Standard Class","7","1369"
"CV-12805","Standard Class","10","1379"
"CW-11905","Standard Class","5","1384"
"CY-12745","Standard Class","6","1390"
"DA-13450","Standard Class","6","1396"
"DB-12910","Standard Class","7","1403"
"DB-12970","Standard Class","7","1410"
"DB-13060","Standard Class","5","1415"
"DB-13120","Standard Class","10","1425"
"DB-13210","Standard Class","14","1439"
"DB-13270","Standard Class","8","1447"
"DB-13360","Standard Class","5","1452"
"DB-13405","Standard Class","2","1454"
"DB-13555","Standard Class","12","1466"
"DB-13615","Standard Class","6","1472"
"DB-13660","Standard Class","8","1480"
"DC-12850","Standard Class","10","1490"
"DC-13285","Standard Class","5","1495"
"DD-13570","Standard Class","8","1503"
"DE-13255","Standard Class","3","1506"
"DF-13135","Standard Class","5","1511"
"DG-13300","Standard Class","4","1515"
"DH-13075","Standard Class","9","1524"
"DH-13675","Standard Class","7","1531"
"DJ-13420","Standard Class","2","1533"
"DJ-13510","Standard Class","9","1542"
"DJ-13630","Standard Class","7","1549"
"DK-12835","Standard Class","9","1558"
"DK-12895","Standard Class","15","1573"
"DK-12985","Standard Class","8","1581"
"DK-13090","Standard Class","9","1590"
"DK-13150","Standard Class","3","1593"
"DK-13225","Standard Class","10","1603"
"DK-13375","Standard Class","5","1608"
"DL-12865","Standard Class","12","1620"
"DL-12925","Standard Class","10","1630"
"DL-13315","Standard Class","2","1632"
"DL-13330","Standard Class","1","1633"
"DL-13495","Standard Class","7","1640"
"Dl-13600","Standard Class","5","1645"
"DM-12955","Standard Class","7","1652"
"DM-13015","Standard Class","1","1653"
"DM-13345","Standard Class","9","1662"
"DN-13690","Standard Class","9","1671"
"DO-13435","Standard Class","6","1677"
"DO-13645","Standard Class","8","1685"
"DP-13000","Standard Class","16","1701"
"DP-13105","Standard Class","11","1712"
"DP-13165","Standard Class","1","1713"
"Dp-13240","Standard Class","16","1729"
"DP-13390","Standard Class","7","1736"
"DR-12880","Standard Class","10","1746"
"DR-12940","Standard Class","10","1756"
"DS-13030","Standard Class","10","1766"
"DS-13180","Standard Class","17","1783"
"DV-13045","Standard Class","5","1788"
"DV-13465","Standard Class","7","1795"
"DW-13195","Standard Class","6","1801"
"DW-13480","Standard Class","3","1804"
"DW-13540","Standard Class","4","1808"
"DW-13585","Standard Class","4","1812"
"EA-14035","Standard Class","18","1830"
"EB-13705","Standard Class","8","1838"
"EB-13750","Standard Class","13","1851"
"EB-13840","Standard Class","8","1859"
"EB-13870","Standard Class","10","1869"
"EB-13930","Standard Class","5","1874"
"EB-13975","Standard Class","5","1879"
"EB-14110","Standard Class","6","1885"
"EB-14170","Standard Class","4","1889"
"EC-14050","Standard Class","4","1893"
"ED-13885","Standard Class","8","1901"
"EG-13900","Standard Class","1","1902"
"EH-13765","Standard Class","25","1927"
"EH-13945","Standard Class","11","1938"
"EH-13990","Standard Class","6","1944"
"EH-14005","Standard Class","4","1948"
"EH-14125","Standard Class","13","1961"
"EH-14185","Standard Class","6","1967"
"EJ-13720","Standard Class","7","1974"
"EJ-14155","Standard Class","3","1977"
"EK-13795","Standard Class","2","1979"
"EL-13735","Standard Class","2","1981"
"EM-13810","Standard Class","3","1984"
"EM-13825","Standard Class","10","1994"
"EM-13960","Standard Class","3","1997"
"EM-14065","Standard Class","3","2000"
"EM-14140","Standard Class","10","2010"
"EM-14200","Standard Class","3","2013"
"EN-13780","Standard Class","2","2015"
"EP-13915","Standard Class","24","2039"
"ER-13855","Standard Class","2","2041"
"ES-14020","Standard Class","7","2048"
"ES-14080","Standard Class","11","2059"
"FA-14230","Standard Class","7","2066"
"FC-14245","Standard Class","9","2075"
"FC-14335","Standard Class","6","2081"
"FG-14260","Standard Class","8","2089"
"FH-14275","Standard Class","7","2096"
"FH-14350","Standard Class","11","2107"
"FH-14365","Standard Class","6","2113"
"FM-14215","Standard Class","8","2121"
"FM-14290","Standard Class","10","2131"
"FM-14380","Standard Class","9","2140"
"FO-14305","Standard Class","11","2151"
"FP-14320","Standard Class","12","2163"
"FW-14395","Standard Class","1","2164"
"GA-14515","Standard Class","10","2174"
"GA-14725","Standard Class","13","2187"
"GB-14530","Standard Class","15","2202"
"GB-14575","Standard Class","16","2218"
"GD-14590","Standard Class","2","2220"
"GG-14650","Standard Class","18","2238"
"GH-14410","Standard Class","12","2250"
"GH-14425","Standard Class","10","2260"
"GH-14485","Standard Class","1","2261"
"GH-14665","Standard Class","2","2263"
"GK-14620","Standard Class","7","2270"
"GM-14440","Standard Class","7","2277"
"GM-14455","Standard Class","8","2285"
"GM-14500","Standard Class","9","2294"
"GM-14680","Standard Class","11","2305"
"GM-14695","Standard Class","5","2310"
"GP-14740","Standard Class","5","2315"
"GR-14560","Standard Class","5","2320"
"GT-14635","Standard Class","4","2324"
"GT-14710","Standard Class","22","2346"
"GT-14755","Standard Class","4","2350"
"GW-14605","Standard Class","6","2356"
"GZ-14470","Standard Class","8","2364"
"GZ-14545","Standard Class","4","2368"
"HA-14905","Standard Class","7","2375"
"HA-14920","Standard Class","8","2383"
"HD-14785","Standard Class","5","2388"
"HE-14800","Standard Class","8","2396"
"HF-14995","Standard Class","12","2408"
"HG-14845","Standard Class","6","2414"
"HG-14965","Standard Class","12","2426"
"HG-15025","Standard Class","7","2433"
"HJ-14875","Standard Class","2","2435"
"HK-14890","Standard Class","13","2448"
"HL-15040","Standard Class","8","2456"
"HM-14860","Standard Class","15","2471"
"HM-14980","Standard Class","4","2475"
"HP-14815","Standard Class","7","2482"
"HR-14770","Standard Class","11","2493"
"HR-14830","Standard Class","6","2499"
"HW-14935","Standard Class","7","2506"
"HZ-14950","Standard Class","5","2511"
"IG-15085","Standard Class","5","2516"
"IL-15100","Standard Class","12","2528"
"IM-15055","Standard Class","1","2529"
"IM-15070","Standard Class","17","2546"
"JA-15970","Standard Class","18","2564"
"JB-15400","Standard Class","10","2574"
"JB-15925","Standard Class","1","2575"
"JB-16000","Standard Class","4","2579"
"JB-16045","Standard Class","8","2587"
"JC-15340","Standard Class","4","2591"
"JC-15385","Standard Class","4","2595"
"JC-15775","Standard Class","9","2604"
"JC-16105","Standard Class","8","2612"
"JD-15790","Standard Class","7","2619"
"JD-15895","Standard Class","9","2628"
"JD-16015","Standard Class","7","2635"
"JD-16060","Standard Class","2","2637"
"JD-16150","Standard Class","12","2649"
"JE-15475","Standard Class","12","2661"
"JE-15610","Standard Class","6","2667"
"JE-15715","Standard Class","18","2685"
"JE-15745","Standard Class","10","2695"
"JE-16165","Standard Class","5","2700"
"JF-15190","Standard Class","15","2715"
"JF-15295","Standard Class","11","2726"
"JF-15355","Standard Class","4","2730"
"JF-15415","Standard Class","4","2734"
"JF-15490","Standard Class","11","2745"
"JF-15565","Standard Class","8","2753"
"JG-15115","Standard Class","4","2757"
"JG-15160","Standard Class","9","2766"
"JG-15310","Standard Class","2","2768"
"JG-15805","Standard Class","5","2773"
"JH-15430","Standard Class","3","2776"
"JH-15820","Standard Class","2","2778"
"JH-15910","Standard Class","8","2786"
"JH-15985","Standard Class","9","2795"
"JH-16180","Standard Class","4","2799"
"JJ-15445","Standard Class","3","2802"
"JJ-15760","Standard Class","2","2804"
"JK-15205","Standard Class","10","2814"
"JK-15325","Standard Class","2","2816"
"JK-15370","Standard Class","6","2822"
"JK-15625","Standard Class","7","2829"
"JK-15640","Standard Class","4","2833"
"JK-15730","Standard Class","9","2842"
"JK-16090","Standard Class","9","2851"
"JK-16120","Standard Class","13","2864"
"JL-15130","Standard Class","9","2873"
"JL-15175","Standard Class","5","2878"
"JL-15235","Standard Class","10","2888"
"JL-15505","Standard Class","16","2904"
"JL-15835","Standard Class","20","2924"
"JL-15850","Standard Class","6","2930"
"JM-15250","Standard Class","15","2945"
"JM-15265","Standard Class","7","2952"
"JM-15535","Standard Class","6","2958"
"JM-15580","Standard Class","6","2964"
"JM-15655","Standard Class","8","2972"
"JM-15865","Standard Class","6","2978"
"JM-16195","Standard Class","3","2981"
"JO-15145","Standard Class","8","2989"
"JO-15280","Standard Class","3","2992"
"JO-15550","Standard Class","4","2996"
"JP-15460","Standard Class","9","3005"
"JP-15520","Standard Class","8","3013"
"JP-16135","Standard Class","10","3023"
"JR-15670","Standard Class","3","3026"
"JR-15700","Standard Class","1","3027"
"JR-16210","Standard Class","8","3035"
"JS-15595","Standard Class","6","3041"
"JS-15685","Standard Class","6","3047"
"JS-15880","Standard Class","1","3048"
"JS-15940","Standard Class","3","3051"
"JS-16030","Standard Class","15","3066"
"JW-15220","Standard Class","13","3079"
"JW-15955","Standard Class","5","3084"
"JW-16075","Standard Class","7","3091"
"KA-16525","Standard Class","8","3099"
"KB-16240","Standard Class","9","3108"
"KB-16315","Standard Class","17","3125"
"KB-16405","Standard Class","3","3128"
"KB-16585","Standard Class","17","3145"
"KB-16600","Standard Class","4","3149"
"KC-16540","Standard Class","4","3153"
"KC-16675","Standard Class","4","3157"
"KD-16270","Standard Class","13","3170"
"KD-16345","Standard Class","5","3175"
"KD-16495","Standard Class","21","3196"
"KD-16615","Standard Class","7","3203"
"KE-16420","Standard Class","10","3213"
"KF-16285","Standard Class","11","3224"
"KH-16330","Standard Class","12","3236"
"KH-16360","Standard Class","5","3241"
"KH-16510","Standard Class","18","3259"
"KH-16630","Standard Class","13","3272"
"KH-16690","Standard Class","12","3284"
"KL-16555","Standard Class","9","3293"
"KL-16645","Standard Class","15","3308"
"KM-16225","Standard Class","14","3322"
"KM-16375","Standard Class","19","3341"
"KM-16660","Standard Class","8","3349"
"KM-16720","Standard Class","20","3369"
"KN-16390","Standard Class","12","3381"
"KN-16450","Standard Class","7","3388"
"KN-16705","Standard Class","13","3401"
"KS-16300","Standard Class","3","3404"
"KT-16465","Standard Class","11","3415"
"KT-16480","Standard Class","6","3421"
"KW-16435","Standard Class","8","3429"
"KW-16570","Standard Class","2","3431"
"LA-16780","Standard Class","13","3444"
"LB-16735","Standard Class","1","3445"
"LB-16795","Standard Class","10","3455"
"LC-16870","Standard Class","11","3466"
"LC-16885","Standard Class","17","3483"
"LC-16930","Standard Class","6","3489"
"LC-16960","Standard Class","7","3496"
"LC-17050","Standard Class","4","3500"
"LC-17140","Standard Class","8","3508"
"LD-16855","Standard Class","1","3509"
"LD-17005","Standard Class","3","3512"
"LE-16810","Standard Class","6","3518"
"LF-17185","Standard Class","7","3525"
"LH-16750","Standard Class","1","3526"
"LH-16900","Standard Class","10","3536"
"LH-17020","Standard Class","1","3537"
"LH-17155","Standard Class","8","3545"
"LL-16840","Standard Class","3","3548"
"LM-17065","Standard Class","7","3555"
"LO-17170","Standard Class","4","3559"
"LP-17080","Standard Class","4","3563"
"LP-17095","Standard Class","14","3577"
"LR-16915","Standard Class","11","3588"
"LR-17035","Standard Class","9","3597"
"LS-16945","Standard Class","12","3609"
"LS-16975","Standard Class","14","3623"
"LS-17200","Standard Class","7","3630"
"LS-17230","Standard Class","5","3635"
"LS-17245","Standard Class","1","3636"
"LT-16765","Standard Class","1","3637"
"LT-17110","Standard Class","12","3649"
"LW-16825","Standard Class","7","3656"
"LW-16990","Standard Class","9","3665"
"LW-17125","Standard Class","2","3667"
"LW-17215","Standard Class","4","3671"
"MA-17560","Standard Class","13","3684"
"MA-17995","Standard Class","8","3692"
"MB-17305","Standard Class","7","3699"
"MB-18085","Standard Class","6","3705"
"MC-17275","Standard Class","9","3714"
"MC-17425","Standard Class","5","3719"
"MC-17575","Standard Class","6","3725"
"MC-17590","Standard Class","13","3738"
"MC-17605","Standard Class","7","3745"
"MC-17635","Standard Class","3","3748"
"MC-17845","Standard Class","5","3753"
"MC-18100","Standard Class","14","3767"
"MC-18130","Standard Class","9","3776"
"MD-17350","Standard Class","13","3789"
"MD-17860","Standard Class","5","3794"
"ME-17320","Standard Class","16","3810"
"ME-17725","Standard Class","5","3815"
"ME-18010","Standard Class","6","3821"
"MF-17665","Standard Class","7","3828"
"MF-18250","Standard Class","7","3835"
"MG-17650","Standard Class","12","3847"
"MG-17680","Standard Class","2","3849"
"MG-17695","Standard Class","7","3856"
"MG-17875","Standard Class","3","3859"
"MG-17890","Standard Class","13","3872"
"MG-18145","Standard Class","7","3879"
"MH-17290","Standard Class","7","3886"
"MH-17440","Standard Class","6","3892"
"MH-17455","Standard Class","6","3898"
"MH-17620","Standard Class","5","3903"
"MH-17785","Standard Class","4","3907"
"MH-18025","Standard Class","1","3908"
"MH-18115","Standard Class","18","3926"
"MJ-17740","Standard Class","7","3933"
"MK-17905","Standard Class","12","3945"
"MK-18160","Standard Class","11","3956"
"ML-17395","Standard Class","17","3973"
"ML-17410","Standard Class","12","3985"
"ML-17755","Standard Class","12","3997"
"ML-18040","Standard Class","4","4001"
"MM-17260","Standard Class","5","4006"
"MM-17920","Standard Class","11","4017"
"MM-18055","Standard Class","9","4026"
"MM-18280","Standard Class","4","4030"
"MN-17935","Standard Class","2","4032"
"MO-17500","Standard Class","1","4033"
"MO-17800","Standard Class","8","4041"
"MO-17950","Standard Class","4","4045"
"MP-17470","Standard Class","6","4051"
"MP-17965","Standard Class","8","4059"
"MP-18175","Standard Class","10","4069"
"MR-17545","Standard Class","2","4071"
"MS-17365","Standard Class","16","4087"
"MS-17530","Standard Class","2","4089"
"MS-17710","Standard Class","5","4094"
"MS-17770","Standard Class","16","4110"
"MS-17830","Standard Class","4","4114"
"MS-17980","Standard Class","9","4123"
"MT-17815","Standard Class","8","4131"
"MT-18070","Standard Class","8","4139"
"MV-17485","Standard Class","6","4145"
"MV-18190","Standard Class","7","4152"
"MW-18220","Standard Class","5","4157"
"MW-18235","Standard Class","2","4159"
"MY-17380","Standard Class","12","4171"
"MY-18295","Standard Class","17","4188"
"MZ-17335","Standard Class","2","4190"
"MZ-17515","Standard Class","5","4195"
"NB-18580","Standard Class","1","4196"
"NB-18655","Standard Class","7","4203"
"NC-18340","Standard Class","1","4204"
"NC-18415","Standard Class","9","4213"
"NC-18535","Standard Class","11","4224"
"NC-18625","Standard Class","8","4232"
"ND-18370","Standard Class","8","4240"
"ND-18460","Standard Class","4","4244"
"NF-18385","Standard Class","6","4250"
"NF-18475","Standard Class","4","4254"
"NF-18595","Standard Class","6","4260"
"NG-18355","Standard Class","6","4266"
"NG-18430","Standard Class","5","4271"
"NH-18610","Standard Class","10","4281"
"NK-18490","Standard Class","5","4286"
"NL-18310","Standard Class","3","4289"
"NM-18445","Standard Class","8","4297"
"NM-18520","Standard Class","7","4304"
"NP-18325","Standard Class","3","4307"
"NP-18670","Standard Class","7","4314"
"NP-18685","Standard Class","3","4317"
"NP-18700","Standard Class","6","4323"
"NR-18550","Standard Class","10","4333"
"NS-18640","Standard Class","14","4347"
"NW-18400","Standard Class","20","4367"
"NZ-18565","Standard Class","9","4376"
"ON-18715","Standard Class","9","4385"
"OT-18730","Standard Class","7","4392"
"PA-19060","Standard Class","5","4397"
"PB-18805","Standard Class","5","4402"
"PB-19105","Standard Class","4","4406"
"PB-19150","Standard Class","10","4416"
"PB-19210","Standard Class","1","4417"
"PC-18745","Standard Class","1","4418"
"PC-19000","Standard Class","3","4421"
"PF-19120","Standard Class","16","4437"
"PF-19165","Standard Class","6","4443"
"PF-19225","Standard Class","3","4446"
"PG-18820","Standard Class","14","4460"
"PG-18895","Standard Class","12","4472"
"PH-18790","Standard Class","2","4474"
"PJ-18835","Standard Class","9","4483"
"PK-18910","Standard Class","1","4484"
"PK-19075","Standard Class","15","4499"
"PL-18925","Standard Class","8","4507"
"PM-18940","Standard Class","3","4510"
"PM-19135","Standard Class","3","4513"
"PN-18775","Standard Class","6","4519"
"PO-18850","Standard Class","11","4530"
"PO-18865","Standard Class","9","4539"
"PO-19180","Standard Class","13","4552"
"PO-19195","Standard Class","4","4556"
"PP-18955","Standard Class","17","4573"
"PR-18880","Standard Class","2","4575"
"PS-18760","Standard Class","6","4581"
"PS-18970","Standard Class","8","4589"
"PS-19045","Standard Class","8","4597"
"PT-19090","Standard Class","2","4599"
"PV-18985","Standard Class","9","4608"
"PW-19030","Standard Class","7","4615"
"PW-19240","Standard Class","4","4619"
"QJ-19255","Standard Class","11","4630"
"RA-19285","Standard Class","6","4636"
"RA-19885","Standard Class","9","4645"
"RA-19915","Standard Class","16","4661"
"RA-19945","Standard Class","2","4663"
"RB-19330","Standard Class","6","4669"
"RB-19360","Standard Class","7","4676"
"RB-19435","Standard Class","7","4683"
"RB-19465","Standard Class","13","4696"
"RB-19570","Standard Class","3","4699"
"RB-19645","Standard Class","3","4702"
"RB-19705","Standard Class","3","4705"
"RB-19795","Standard Class","13","4718"
"RC-19825","Standard Class","2","4720"
"RC-19960","Standard Class","4","4724"
"RD-19480","Standard Class","14","4738"
"RD-19585","Standard Class","15","4753"
"RD-19660","Standard Class","3","4756"
"RD-19720","Standard Class","17","4773"
"RD-19810","Standard Class","4","4777"
"RD-19900","Standard Class","11","4788"
"RD-19930","Standard Class","8","4796"
"RE-19450","Standard Class","3","4799"
"RF-19345","Standard Class","6","4805"
"RF-19735","Standard Class","9","4814"
"RF-19840","Standard Class","7","4821"
"RH-19495","Standard Class","2","4823"
"RH-19510","Standard Class","3","4826"
"RH-19555","Standard Class","3","4829"
"RH-19600","Standard Class","5","4834"
"RK-19300","Standard Class","1","4835"
"RL-19615","Standard Class","6","4841"
"RM-19375","Standard Class","7","4848"
"RM-19675","Standard Class","4","4852"
"RO-19780","Standard Class","5","4857"
"RP-19270","Standard Class","6","4863"
"RP-19390","Standard Class","7","4870"
"RP-19855","Standard Class","15","4885"
"RR-19315","Standard Class","1","4886"
"RR-19525","Standard Class","5","4891"
"RS-19420","Standard Class","1","4892"
"RS-19765","Standard Class","7","4899"
"RS-19870","Standard Class","1","4900"
"RW-19540","Standard Class","19","4919"
"RW-19630","Standard Class","8","4927"
"RW-19690","Standard Class","2","4929"
"SA-20830","Standard Class","11","4940"
"SB-20170","Standard Class","7","4947"
"SB-20185","Standard Class","7","4954"
"SB-20290","Standard Class","8","4962"
"SC-20020","Standard Class","15","4977"
"SC-20050","Standard Class","14","4991"
"SC-20095","Standard Class","16","5007"
"SC-20230","Standard Class","7","5014"
"SC-20260","Standard Class","8","5022"
"SC-20305","Standard Class","8","5030"
"SC-20380","Standard Class","13","5043"
"SC-20440","Standard Class","9","5052"
"SC-20575","Standard Class","6","5058"
"SC-20680","Standard Class","7","5065"
"SC-20695","Standard Class","9","5074"
"SC-20725","Standard Class","12","5086"
"SC-20770","Standard Class","3","5089"
"SC-20800","Standard Class","3","5092"
"SC-20845","Standard Class","4","5096"
"SD-20485","Standard Class","10","5106"
"SE-20110","Standard Class","14","5120"
"SF-20065","Standard Class","1","5121"
"SF-20200","Standard Class","9","5130"
"SF-20965","Standard Class","12","5142"
"SG-20080","Standard Class","1","5143"
"SG-20470","Standard Class","6","5149"
"SG-20605","Standard Class","12","5161"
"SG-20890","Standard Class","3","5164"
"SH-19975","Standard Class","23","5187"
"SH-20395","Standard Class","10","5197"
"SH-20635","Standard Class","2","5199"
"SJ-20125","Standard Class","18","5217"
"SJ-20215","Standard Class","7","5224"
"SJ-20500","Standard Class","4","5228"
"SK-19990","Standard Class","3","5231"
"SL-20155","Standard Class","4","5235"
"SM-20005","Standard Class","5","5240"
"SM-20320","Standard Class","14","5254"
"SM-20950","Standard Class","16","5270"
"SN-20560","Standard Class","12","5282"
"SN-20710","Standard Class","19","5301"
"SO-20335","Standard Class","13","5314"
"SP-20545","Standard Class","8","5322"
"SP-20620","Standard Class","16","5338"
"SP-20650","Standard Class","10","5348"
"SP-20860","Standard Class","22","5370"
"SP-20920","Standard Class","8","5378"
"SR-20425","Standard Class","7","5385"
"SR-20740","Standard Class","10","5395"
"SS-20140","Standard Class","18","5413"
"SS-20410","Standard Class","7","5420"
"SS-20515","Standard Class","6","5426"
"SS-20590","Standard Class","6","5432"
"SS-20875","Standard Class","15","5447"
"ST-20530","Standard Class","6","5453"
"SU-20665","Standard Class","2","5455"
"SV-20365","Standard Class","19","5474"
"SV-20785","Standard Class","22","5496"
"SV-20815","Standard Class","2","5498"
"SV-20935","Standard Class","8","5506"
"SW-20245","Standard Class","6","5512"
"SW-20275","Standard Class","7","5519"
"SW-20350","Standard Class","4","5523"
"SW-20455","Standard Class","7","5530"
"SZ-20035","Standard Class","3","5533"
"TA-21385","Standard Class","4","5537"
"TB-21175","Standard Class","7","5544"
"TB-21190","Standard Class","2","5546"
"TB-21250","Standard Class","10","5556"
"TB-21280","Standard Class","6","5562"
"TB-21355","Standard Class","4","5566"
"TB-21400","Standard Class","1","5567"
"TB-21520","Standard Class","12","5579"
"TB-21595","Standard Class","3","5582"
"TB-21625","Standard Class","7","5589"
"TC-20980","Standard Class","10","5599"
"TC-21145","Standard Class","4","5603"
"TC-21295","Standard Class","7","5610"
"TC-21475","Standard Class","5","5615"
"TC-21535","Standard Class","4","5619"
"TD-20995","Standard Class","5","5624"
"TG-21310","Standard Class","2","5626"
"TH-21100","Standard Class","6","5632"
"TH-21115","Standard Class","9","5641"
"TH-21235","Standard Class","7","5648"
"TH-21550","Standard Class","8","5656"
"TM-21010","Standard Class","12","5668"
"TM-21490","Standard Class","2","5670"
"TN-21040","Standard Class","10","5680"
"TP-21130","Standard Class","9","5689"
"TP-21415","Standard Class","5","5694"
"TP-21565","Standard Class","1","5695"
"TR-21325","Standard Class","5","5700"
"TS-21085","Standard Class","1","5701"
"TS-21160","Standard Class","12","5713"
"TS-21205","Standard Class","11","5724"
"TS-21340","Standard Class","7","5731"
"TS-21370","Standard Class","6","5737"
"TS-21430","Standard Class","4","5741"
"TS-21505","Standard Class","13","5754"
"TS-21610","Standard Class","3","5757"
"TS-21655","Standard Class","9","5766"
"TT-21070","Standard Class","10","5776"
"TT-21220","Standard Class","8","5784"
"TT-21265","Standard Class","2","5786"
"TT-21460","Standard Class","9","5795"
"TW-21025","Standard Class","5","5800"
"TZ-21580","Standard Class","6","5806"
"VB-21745","Standard Class","6","5812"
"VD-21670","Standard Class","10","5822"
"VF-21715","Standard Class","9","5831"
"VG-21790","Standard Class","5","5836"
"VG-21805","Standard Class","4","5840"
"VM-21685","Standard Class","3","5843"
"VM-21835","Standard Class","2","5845"
"VP-21730","Standard Class","5","5850"
"VP-21760","Standard Class","6","5856"
"VS-21820","Standard Class","6","5862"
"VT-21700","Standard Class","9","5871"
"VW-21775","Standard Class","11","5882"
"WB-21850","Standard Class","18","5900"
"XP-21865","Standard Class","23","5923"
"YC-21895","Standard Class","5","5928"
"YS-21880","Standard Class","11","5939"
"ZC-21910","Standard Class","26","5965"
"ZD-21925","Standard Class","3","5968"
